     18     18      0     18
        0.7038333694        0.7038050615       -0.1586642344       -0.1687581262
        0.0152876371        0.0164240576        0.3605526001        0.3747845566
       -0.0027174765       -0.0091293384        0.2218743601        0.5682323946
       -0.0000000000        0.0000000000       -0.0000000000       -0.0000000000
        0.0000000000       -0.0000000000       -0.0000000000        0.0000000000
        0.0015953654        0.0022625559        0.2073122110       -0.1311443598
        0.0000000000       -0.0000000000        0.0000000000       -0.0000000000
        0.0000000000       -0.0000000000       -0.0000000000        0.0000000000
       -0.0009683909       -0.0039954859        0.0403337077        0.0153586682
        0.7038333694       -0.7038050615       -0.1586642344        0.1687581262
        0.0152876371       -0.0164240576        0.3605526001       -0.3747845566
       -0.0027174765        0.0091293384        0.2218743601       -0.5682323946
        0.0000000000       -0.0000000000       -0.0000000000        0.0000000000
        0.0000000000       -0.0000000000       -0.0000000000        0.0000000000
       -0.0015953654        0.0022625559       -0.2073122110       -0.1311443598
        0.0000000000       -0.0000000000       -0.0000000000        0.0000000000
       -0.0000000000        0.0000000000        0.0000000000       -0.0000000000
        0.0009683909       -0.0039954859       -0.0403337077        0.0153586682
        0.0000000000       -0.0000000000        0.0620765575       -0.0000000000
       -0.0000000000        0.0000000000       -0.1045194566        0.0000000000
        0.0000000000        0.0000000000       -0.2924870207        0.0000000000
        0.4337575672        0.1737676188       -0.0000000000        0.5121214957
       -0.1737676188        0.4337575672        0.0000000000       -0.1540703893
        0.0000000000       -0.0000000000        0.4695708217        0.0000000000
        0.2425305791        0.0971601752       -0.0000000000        0.4046187574
       -0.0971601752        0.2425305791        0.0000000000       -0.1217284765
        0.0000000000       -0.0000000000        0.2191345291        0.0000000000
        0.0000000000       -0.0000000000        0.0620765575        0.0000000000
       -0.0000000000        0.0000000000       -0.1045194566       -0.0000000000
       -0.0000000000        0.0000000000       -0.2924870207       -0.0000000000
        0.4337575672        0.1737676188       -0.0000000000       -0.5121214957
       -0.1737676188        0.4337575672        0.0000000000        0.1540703893
       -0.0000000000        0.0000000000       -0.4695708217        0.0000000000
        0.2425305791        0.0971601752       -0.0000000000       -0.4046187574
       -0.0971601752        0.2425305791        0.0000000000        0.1217284765
        0.0000000000        0.0000000000       -0.2191345291        0.0000000000
        0.0000000000       -0.1019628357        0.0000000000        0.0000000000
        0.0000000000        0.2285853232        0.0000000000        0.0000000000
       -0.0000000000        1.7015914155        0.0000000000       -0.0000000000
        0.1540703893       -0.0000000000        0.0467876313        0.6650130819
        0.5121214957       -0.0000000000        0.6650130819       -0.0467876313
        0.0000000000        0.4277488955        0.0000000000        0.0000000000
        0.1217284765        0.0000000000       -0.0437958865       -0.6224901030
        0.4046187574        0.0000000000       -0.6224901030        0.0437958865
       -0.0000000000        1.4513134503       -0.0000000000       -0.0000000000
        0.0000000000        0.1019628357        0.0000000000        0.0000000000
       -0.0000000000       -0.2285853232       -0.0000000000       -0.0000000000
        0.0000000000       -1.7015914155        0.0000000000        0.0000000000
       -0.1540703893       -0.0000000000        0.0467876313        0.6650130819
       -0.5121214957       -0.0000000000        0.6650130819       -0.0467876313
       -0.0000000000        0.4277488955       -0.0000000000        0.0000000000
       -0.1217284765       -0.0000000000       -0.0437958865       -0.6224901030
       -0.4046187574       -0.0000000000       -0.6224901030        0.0437958865
       -0.0000000000        1.4513134503        0.0000000000       -0.0000000000
       -0.0129689235       -0.0421788867        0.0000000000        0.0000000000
        0.1033985477        0.2022907837       -0.0000000000       -0.0000000000
        0.9723725231       -0.4157207181        0.0000000000       -0.0000000000
       -0.0000000000       -0.0000000000       -0.3746966942       -0.5119146725
        0.0000000000       -0.0000000000       -0.5119146725        0.3746966942
       -0.7498995586       -0.5916319144        0.0000000000        0.0000000000
        0.0000000000        0.0000000000        0.6466847971        0.8835077576
       -0.0000000000        0.0000000000        0.8835077576       -0.6466847971
        1.3021356300        0.8416043112       -0.0000000000       -0.0000000000
        0.0129689235       -0.0421788867        0.0000000000       -0.0000000000
       -0.1033985477        0.2022907837       -0.0000000000        0.0000000000
       -0.9723725231       -0.4157207181        0.0000000000        0.0000000000
        0.0000000000        0.0000000000        0.3746966942        0.5119146725
       -0.0000000000        0.0000000000        0.5119146725       -0.3746966942
       -0.7498995586        0.5916319144       -0.0000000000        0.0000000000
       -0.0000000000       -0.0000000000       -0.6466847971       -0.8835077576
        0.0000000000       -0.0000000000       -0.8835077576        0.6466847971
        1.3021356300       -0.8416043112        0.0000000000       -0.0000000000
       -0.0664776570        0.0373357206
        1.0756762891       -1.2729344318
       -0.8074882009        3.9506444281
       -0.0000000000        0.0000000000
       -0.0000000000        0.0000000000
        0.1297422916       -0.0791726069
        0.0000000000       -0.0000000000
        0.0000000000       -0.0000000000
       -0.2968890829        1.9458032943
       -0.0664776570       -0.0373357206
        1.0756762891        1.2729344318
       -0.8074882009       -3.9506444281
       -0.0000000000       -0.0000000000
        0.0000000000       -0.0000000000
       -0.1297422916       -0.0791726069
        0.0000000000        0.0000000000
       -0.0000000000        0.0000000000
        0.2968890829        1.9458032943
  2      -26.3800898774
  2      -26.3791541123
  2       -2.2153929734
  2       -1.3355056521
  2       -0.9896881755
  2       -0.9896881755
  2       -0.9034953518
  2       -0.5395509222
  2       -0.5395509222
  0        0.6524710961
  0        1.3833915628
  0        1.3833915628
  0        1.4723466215
  0        1.4798847168
  0        1.5355335907
  0        1.5355335907
  0        1.5873093686
  0        2.2735287213
                     1
                     1
                     1
                     2
                     3
                     4
                     2
                     3
                     4
                     1
                     1
                     1
                     2
                     3
                     4
                     2
                     3
                     4
  5.785617208011395E-017  0.000000000000000E+000 -0.944862994300000     
 -5.785617208011395E-017  0.000000000000000E+000  0.944862994300000     
                     1
                     2
