     11     11      0     11
        0.0003007871        0.1323515042       -0.2930221372        0.0000000000
        0.0017707303       -0.0139532828       -0.1078229615       -0.0000000000
        0.9955131409       -0.2305214978       -0.0617383675        0.0000000000
        0.0213671630        0.4972290591        0.1370024860        0.0000000000
       -0.0058248218        0.5294748727        0.2440972006       -0.0000000000
       -0.0000000000        0.0000000000        0.0000000000        0.6511062291
       -0.0000000000        0.0000000000        0.0000000000        0.1109304292
       -0.0014875067       -0.0842549508        0.5483055451       -0.0000000000
        0.0000000000       -0.0000000000        0.0000000000        0.4832372621
        0.0000000000       -0.0000000000       -0.0000000000        0.0823302166
        0.0013999025       -0.0470927666        0.3496881945       -0.0000000000
       -0.0000000000        0.0956750672        1.3942600261       -0.0000000000
        0.0000000000        1.3594321069       -0.8297129411        0.0000000000
       -0.0000000000        0.0630423146        0.0355408823       -0.0000000000
       -0.0000000000       -0.0798794467       -0.1266160130        0.0000000000
        0.0000000000       -0.7310415912       -0.0009874685       -0.0000000000
       -0.1109304292        0.0000000000       -0.0000000000       -0.9460765666
        0.6511062291        0.0000000000        0.0000000000        0.0341894368
        0.0000000000        0.2668777919        0.4120294787        0.0000000000
       -0.0823302166       -0.0000000000        0.0000000000        1.0443915299
        0.4832372621        0.0000000000        0.0000000000       -0.0377423556
        0.0000000000        0.4490145451        0.2792426184       -0.0000000000
       -0.0000000000        0.4136205668       -0.4970470116
        0.0000000000        0.0438294595       -0.6582422527
       -0.0000000000        0.0636248899        0.0852375736
        0.0000000000       -0.5807683846       -1.5107276173
       -0.0000000000        0.3778912072        2.0268583893
       -0.0341894368       -0.0000000000        0.0000000000
       -0.9460765666        0.0000000000        0.0000000000
        0.0000000000       -0.8264154215        0.3881138727
        0.0377423556        0.0000000000       -0.0000000000
        1.0443915299       -0.0000000000       -0.0000000000
       -0.0000000000        1.1636369243       -0.9224121274
  2      -26.2757157305
  2       -1.5896069208
  2       -0.7389758092
  2       -0.6310314322
  2       -0.6310314322
  0        0.2096936778
  0        1.1168150074
  0        1.4894686970
  0        1.4894686970
  0        1.5932023065
  0        2.0061121371
                     1
                     1
                     1
                     1
                     1
                     2
                     3
                     4
                     2
                     3
                     4
  1.007629672823024E-016  0.000000000000000E+000  -1.64558413662548     
 -5.345262627446877E-018  0.000000000000000E+000  8.729476337452491E-002
                     1
                     2
