INTGRL        1    0    1    0    0    0    0    0    0
         *** ACES2 Program System (Release V0.1) *** 
H2O
    2    0            0.10E-13              0    0
   9999.00      3.00
          1.00000000    1    1    1
H 01      0.000000000000      0.000000000000     -1.645584136625
    4    2
   18.7311370000000       3.349460000000000E-002  0.000000000000000E+000
   2.82539400000000       0.234727000000000       0.000000000000000E+000
  0.640122000000000       0.813757300000000       0.000000000000000E+000
  0.161278000000000       0.000000000000000E+000   1.00000000000000     
          9.00000000    1    2    1    1
F 02     -0.000000000000      0.000000000000      0.087294763375
   10    3
   7001.71300000000       1.819600000000000E-003  0.000000000000000E+000
  0.000000000000000E+000
   1051.36600000000       1.391600000000000E-002  0.000000000000000E+000
  0.000000000000000E+000
   239.285700000000       6.840499999999999E-002  0.000000000000000E+000
  0.000000000000000E+000
   67.3974500000000       0.233186000000000       0.000000000000000E+000
  0.000000000000000E+000
   21.5199600000000       0.471267000000000       0.000000000000000E+000
  0.000000000000000E+000
   7.40310100000000       0.356619000000000       0.000000000000000E+000
  0.000000000000000E+000
   20.8479500000000       0.000000000000000E+000 -0.108507000000000     
  0.000000000000000E+000
   4.80830800000000       0.000000000000000E+000 -0.146452000000000     
  0.000000000000000E+000
   1.34407000000000       0.000000000000000E+000   1.12868900000000     
  0.000000000000000E+000
  0.358151000000000       0.000000000000000E+000  0.000000000000000E+000
   1.00000000000000     
    4    2
   20.8479500000000       7.162900000000000E-002  0.000000000000000E+000
   4.80830800000000       0.345912000000000       0.000000000000000E+000
   1.34407000000000       0.722470000000000       0.000000000000000E+000
  0.358151000000000       0.000000000000000E+000   1.00000000000000     
FINISH
